2222221111111111111111111111111111111111111111111111111111111111111111
2222221000000000000000000000000000000000000000000000000000000000000001
2222221000000000000000000000000000000000000000000000000000000000000001
2222221000000000000000000000000000011111000000000000000000000000000001
2222221000000000000000000000000000011111000000000000000000000000000001
2222221000000000000000000000000000011111000000000000000000000000000001
2222221000000000000000000000000000011111000000000000000000000000000001
2222221000000000000000000000000000011111000000000000000000000000000001
2222221000000000000000000000000000011111000000000000000000000000000001
1111221000000000000000000000000000011111000000000000000000000000000001
1001221000000000000000000000000000011111000000000000000000000000000001
1001111000000000000000000000000000011111000000000111000000000000000001
1000000000000000000000000000000000011111000000000001111111111111111111
1000000000000000000000000000000000011111000000000000000000000000000001
1111111111111111111111111111111111111111111111111111111111111111111111
